1094
3270
3564
3691
4983
5432
5716
5893
5916
7388
7787
8257
8553
9788
10149
10559
11455
12366
12826
13468
13982
14602
14658
15439
15631
16033
16762
16956
17797
18231
18927
19526
19944
20188
21024
21113
22328
23113
23488
25532
25953
26147
26814
27698
29417
29542
29700
29932
29986
30652
31250
31448
32726
32785
33865
34119
35065
35684
36604
36607
37285
39517
40183
40605
40888
41035
41362
42044
42180
42348
42466
42658
43237
43353
44709
44784
45044
46454
48472
48657
48837
49270
49361
49449
49657
50371
50464
50555
50645
52131
54067
54167
54519
55402
55772
55836
56859
57597
57776
58454
58797
58833
59491
59535
60527
62132
62703
63044
63439
63442
63594
64187
64309
64906
65067
65446
66023
66238
67479
68783
71063
71367
71675
72071
72180
72388
73555
74767
74991
75368
77040
77341
78398
78983
80532
80659
80851
81805
82032
82500
82861
83052
83273
83792
83859
84280
84477
84880
85021
85540
86084
87284
87697
89217
89223
89262
90564
90649
90720
90945
91042
91129
91553
91885
92804
92891
93575
93885
95536
96516
98662
100236
101642
104294
104421
104456
105667
106045
106918
107394
109801
110012
110247
111116
111688
111911
111969
112350
112478
113334
113494
113558
113870
117137
117708
118105
119952
120341
120611
120721
121202
121675
121922
122238
122703
123302
123636
123915
123997
124871
125004
126120
127023
127562
127705
128806
128851
128989
129135
129509
129958
131231
132069
132700
133219
133322
134276
134945
135224
135378
136054
136094
137904
138072
138528
139202
139496
140617
140724
141331
141471
141818
142181
143667
143966
145278
145312
146010
146195
146412
146611
148112
148253
148990
149249
149411
149914
150315
150875
151327
152961
153842
154706
154708
155106
156231
156937
157453
158051
158574
158650
159662
160195
162050
162335
163167
163949
164985
167637
168586
168888
170581
171717
171820
173915
173938
174338
174429
174835
176940
177513
177626
177813
178007
178746
179109
179269
180339
181897
182470
182819
182830
185385
186240
186471
186917
186964
187373
187451
188297
188470
188612
188818
189353
189857
191758
192660
193325
194191
194695
195308
195509
196667
197143
197777
197955
198669
199328
200372
200635
201447
201803
203728
205428
206002
206578
209303
209468
210154
210269
210489
211033
211787
212760
213697
214372
214435
215201
215442
215487
215818
216606
217407
218064
218094
218161
218725
218759
219024
219056
219631
219781
220005
220620
220810
221569
221683
221772
223277
223473
223519
223912
224641
224794
225587
226833
229672
230298
230509
230911
230989
232011
232147
232842
233479
233837
235073
235410
235670
236406
236481
236562
236566
236933
237235
238774
239101
240030
240560
240618
241093
242153
242867
242901
244381
246591
246644
246660
246909
247523
247743
248131
248157
248283
250398
251482
251709
253294
254271
254478
255519
256283
257041
258262
258351
258768
259224
260557
260884
260942
260985
261220
261774
262478
262789
264092
264764
265179
265477
265758
265934
266034
266243
267154
267966
268022
268043
268307
268517
268602
268719
269204
269976
272324
273193
274495
275258
275353
275369
276205
276304
277012
278533
279599
279868
280559
280616
281316
282216
282280
283212
283487
284739
285064
285079
285315
285372
286528
286673
287129
288082
288187
288424
288454
288766
289201
289769
289795
290485
291085
291430
291950
291987
292444
292586
293304
293366
293677
294051
294854
295120
296536
296656
296836
297935
298126
298248
298272
299199
299221
299557
299573
300103
300191
300806
300891
300909
301160
301747
301856
303813
304121
304433
304910
304952
307123
307128
307179
307263
307960
308111
308762
308790
309785
310216
311575
312565
312784
312804
313705
313773
313809
314511
314784
315042
315543
315640
315924
315953
317179
317791
319402
319701
320192
320957
321684
321862
322521
322896
323325
323943
324581
325094
325240
325669
326317
326462
326553
326784
329014
329859
330714
332621
333034
333230
334142
334258
334624
334828
338157
338462
339081
339962
341408
341420
343004
343083
343246
343424
345073
345724
346175
346663
346896
347944
348199
350437
350600
350955
351823
353352
354275
355134
355200
355415
355647
357377
357644
358026
358079
359089
359448
359688
360006
360015
360789
361406
361692
362825
364501
365803
366197
366760
368032
368226
368565
369352
369458
370729
370759
371937
373192
373199
373480
373994
374276
374311
374328
374602
375989
376308
376439
376760
377203
378246
378360
378421
379045
380203
380506
380960
381892
383119
384170
384758
384862
385146
385662
386479
386687
387087
387756
388306
389496
390391
390958
391177
392313
392450
392946
393474
395734
396018
396050
397407
399007
399482
399533
401049
401922
402100
403033
403613
403691
403934
404020
404043
404392
404769
405017
405379
405530
406016
406651
407632
407881
409554
409610
409724
410766
410871
410978
412204
412280
412382
412797
413085
413325
413871
413909
414568
416613
417476
417536
417729
417737
418158
418172
419036
419076
420661
420850
421000
421231
421271
421444
421760
422380
422399
422683
424159
424209
424247
424380
424510
424590
425482
426810
427237
427562
427629
428176
428454
428637
429396
430490
430679
430760
430856
431374
432488
432503
433090
433626
433635
433835
433854
434317
434349
434547
434963
435780
436313
436703
437076
437294
437889
438177
439275
439725
440022
440054
440299
440305
440471
441577
441785
441838
442161
442873
443806
444080
444328
444541
444679
444874
445532
446532
447667
447715
448810
449544
449760
450057
451112
451452
451540
452016
452376
452503
453846
453918
454545
454798
454850
455928
456175
456842
457268
457474
458507
458512
458612
460933
463713
463796
463892
464371
464932
465432
465440
466430
466685
467001
467012
467105
467875
469139
470495
470931
472332
473271
473785
473893
473987
475051
477071
478826
479115
479288
479367
479430
481670
481696
482666
482795
486464
486687
486716
488331
488456
488823
489359
490041
491010
491975
491985
492009
492813
494592
495654
495979
496047
496475
497235
498833
499535
500043
500108
500196
500556
500855
501395
501652
502023
502758
503650
505501
506567
506811
507043
507051
507309
507768
508426
508567
508864
509360
509951
510732
511506
511683
514391
514928
515015
518785
519228
520056
521207
523074
524084
524941
525013
525655
526329
528009
528255
528450
529025
529620
529805
530272
530442
530544
531602
532624
532991
533178
534437
535736
536389
536980
537345
538038
538813
539007
539627
539770
540532
540684
543426
544361
544668
545312
545853
546275
546348
547691
547811
548075
549224
550310
550797
551027
551221
552765
555478
556203
557042
557381
557780
558054
558832
559253
559601
560163
560408
560748
561304
561424
561543
561722
562111
562395
564734
565111
566554
566655
567257
567355
568166
568357
568898
569391
569499
569900
570384
571252
573295
574323
574844
575018
576837
577113
580013
580716
580745
580922
581887
581931
582502
583094
583369
583676
584225
584309
584505
584804
584962
585094
586571
587646
588855
589276
589507
590846
592810
592813
594087
596089
596129
596699
597135
598180
598214
599875
600242
600970
601423
601447
601779
602583
603002
603287
604577
604727
605876
606172
607990
608751
609930
609981
611436
611676
612419
612434
613303
614471
615185
615225
615282
615655
615663
615812
616369
616907
617637
617673
618171
618224
619372
620462
620618
620639
622211
622802
623463
624388
625065
625409
625864
627441
628108
629463
629572
630047
630487
630970
631820
633201
633261
633510
634378
635163
636179
637401
638341
638571
638651
641265
641822
641884
643308
643532
644009
645615
645915
646322
646328
646444
646721
647237
647540
647774
647795
647967
648001
648029
648213
648669
649254
649685
649746
649831
650336
650409
651205
651816
651893
652045
652680
652888
653574
654142
654234
654255
654440
657509
658104
659468
659621
659729
660364
661710
662488
663710
664197
664285
665449
667585
667629
667646
673335
674874
676607
676656
676919
677753
677920
680073
680844
680978
682564
682914
683184
684173
684420
684864
684971
685121
686220
686883
687832
687897
689071
689492
691085
691430
691899
692230
692325
693211
694234
694560
694728
694983
695289
697833
698241
698316
698911
699240
699284
699320
699711
699893
700638
700655
701537
701644
702612
703263
704713
705425
705825
706249
707090
707251
707766
707973
708025
709284
709822
709835
710338
710771
710896
711005
711409
714267
714282
714759
715495
715692
716312
717060
717108
717888
718730
718749
720006
720066
720256
720581
720752
720960
721391
721956
721982
722129
722220
722454
723193
723933
724062
724226
724268
725378
728020
729281
729586
730440
730621
731941
731991
732917
733088
733121
734188
734280
736838
737178
737681
737812
737944
739019
739047
739955
740155
741631
742472
743005
743191
744487
745168
745409
745680
746699
747093
747711
748555
749466
749617
750569
750762
750961
751210
751399
751800
751802
752424
752516
753188
754008
755322
755731
756072
756193
756611
756917
757972
759206
759356
760250
760337
760462
760491
761006
761019
761277
761278
763934
764288
764961
766455
766840
767536
768820
769057
771347
771690
772037
772389
773335
774013
775667
775775
775915
776719
777107
777756
780012
780367
780915
781261
783415
784369
785684
785938
786022
786160
786771
786908
787547
789665
791065
791105
792518
793000
793487
793826
795520
796128
796163
796638
796998
797452
797827
797847
798480
798582
799512
799624
799932
800337
800496
800943
801074
801247
803886
805728
805923
806389
807409
808350
808357
809581
810024
810203
810299
810475
810554
810859
810893
811305
811749
812182
812346
812511
812622
813369
813440
813602
813872
814067
815560
816679
816877
817318
817899
817970
818143
818292
819257
820012
820053
820544
820633
821123
822246
822427
822935
823455
824329
824475
825268
826793
827169
827922
827931
829398
830429
830571
830581
831317
831737
831905
831920
831925
831930
832537
832830
834204
834595
834611
834879
836020
837210
839182
839283
839929
841222
841436
843468
843585
843777
843827
844327
845157
845577
845699
846098
848368
848471
849202
849229
849498
851660
851824
851987
852589
852663
852680
852701
852941
853059
853750
853941
855612
856317
856579
856622
856799
857577
857604
857613
857794
858016
858155
858758
858962
859243
859362
859459
859910
860115
860118
860863
860900
861833
861889
863247
863906
864119
864459
864762
864781
865061
866124
866564
867053
867317
868005
868726
868818
869205
869374
869628
869810
870017
871882
872638
873438
873983
874593
874841
875336
875344
875678
876217
877239
879300
880462
881031
881553
882401
882441
882771
884404
885095
885804
886168
886281
887338
887433
888566
888680
888984
889014
889088
889608
893766
894282
894760
895206
895399
895521
895557
895926
896239
897798
898554
898751
899237
899358
900099
900345
901922
902156
902180
902696
903013
904914
905163
905568
905744
906307
908149
908356
908846
909569
910269
910756
911531
912675
913030
913807
915008
915090
915115
915198
915328
916231
918437
918466
918946
921140
921623
922105
922438
923135
923694
924119
924555
925312
925663
926412
926435
926488
927232
927361
928299
928820
929213
930281
931182
932136
932220
932568
933416
934293
934871
935037
935657
935944
936668
936677
936993
938134
938637
939387
940258
940370
941487
942013
944015
944156
944311
945727
946242
947039
947645
948002
948407
948779
949001
949309
951018
951103
951185
953037
953546
954280
954771
955081
955512
955540
955760
957410
957446
958443
959134
959725
959942
960196
960522
962121
962458
963076
964650
965762
966127
966376
967756
968097
969225
971112
971490
972319
972793
972808
973343
973396
974406
974569
975585
975589
975770
976213
976242
976850
976922
977595
978474
978749
978932
979350
980308
980872
981035
981189
981244
981321
981343
982026
982362
982816
983944
984711
984887
984949
986121
986190
986400
986737
987032
987048
987201
988172
988274
990162
990389
990998
992702
992921
993291
993482
993705
993912
994023
994268
994492
994581
995485
995566
996928
998151
998440
998538
998754
999368
1000649
1000764
1002318
1002550
1002733
1003072
1003241
1004011
1005969
1006797
1006983
1007464
1007676
1007840
1008703
1009212
1010637
1010787
1010938
1011277
1011507
1011508
1011877
1012622
1013005
1013598
1013666
1014968
1015079
1015494
1017784
1018178
1018549
1019381
1019866
1020520
1022450
1022757
1022907
1023661
1024281
1024749
1024953
1026588
1027314
1028747
1028989
1029492
1030801
1031796
1032530
1033175
1033186
1033373
1033816
1034039
1034581
1034691
1035121
1035273
1035453
1035537
1035902
1036225
1036673
1036910
1038310
1038376
1038387
1038484
1039051
1039491
1039932
1040561
1040971
1041811
1042486
1042621
1042994
1047062
1047564
1047894
